[{"grid_index": [9, 14, 17], "pos": {"__ndarray__": [0.21956441043434718, 0.25, -0.09331493210183489], "dtype": "float64", "shape": [3]}, "jac": {"__ndarray__": [[-0.22978313610696371, 0.0, 0.9732418560465067], [0.0, -1.0, 0.0], [-0.9732418560465067, 0.0, -0.22978313610696371]], "dtype": "float64", "shape": [3, 3], "Corder": true}, "eigvals": {"__ndarray__": [{"__complex__": [-0.22978313610696371, 0.9732418560465067]}, {"__complex__": [-0.22978313610696371, -0.9732418560465067]}, {"__complex__": [-1.0, 0.0]}], "dtype": "complex128", "shape": [3]}, "seeding_template": "b"}, {"grid_index": [19, 0, 18], "pos": {"__ndarray__": [0.45420540554086436, 2.3355415795694144e-14, -0.03984475438015125], "dtype": "float64", "shape": [3]}, "jac": {"__ndarray__": [[-0.95087301858452, -0.14793477102135422, -0.27194816794900883], [0.19633780604010573, -0.9673477487564092, -0.16028037588945376], [0.23935740733748073, 0.205799991493601, -0.9488700622603251]], "dtype": "float64", "shape": [3, 3], "Corder": true}, "eigvals": {"__ndarray__": [{"__complex__": [-0.9335454148006277, 0.3584591448194967]}, {"__complex__": [-0.9335454148006277, -0.3584591448194967]}, {"__complex__": [-0.9999999999999999, 0.0]}], "dtype": "complex128", "shape": [3]}, "seeding_template": "b"}, {"grid_index": [19, 28, 18], "pos": {"__ndarray__": [0.45420540554086436, 0.49999999999997663, -0.03984475438015125], "dtype": "float64", "shape": [3]}, "jac": {"__ndarray__": [[-0.9508730222713784, 0.147934816914135, -0.27194813009299484], [-0.1963378422074865, -0.9673477428395222, 0.16028036729615233], [0.23935736302400068, -0.20579998631647842, -0.9488700745614935]], "dtype": "float64", "shape": [3, 3], "Corder": true}, "eigvals": {"__ndarray__": [{"__complex__": [-0.9335454198361968, 0.35845913170521787]}, {"__complex__": [-0.9335454198361968, -0.35845913170521787]}, {"__complex__": [-1.0, 0.0]}], "dtype": "complex128", "shape": [3]}, "seeding_template": "b"}, {"grid_index": [24, 14, 18], "pos": {"__ndarray__": [0.5456063169063085, 0.25, -0.040127497302197355], "dtype": "float64", "shape": [3]}, "jac": {"__ndarray__": [[-0.9692050081666872, 0.0, 0.24625525810551196], [0.0, -1.0, 0.0], [-0.24625525810551202, 0.0, -0.9692050081666871]], "dtype": "float64", "shape": [3, 3], "Corder": true}, "eigvals": {"__ndarray__": [{"__complex__": [-0.969205008166687, 0.24625525810551202]}, {"__complex__": [-0.969205008166687, -0.24625525810551202]}, {"__complex__": [-1.0, 0.0]}], "dtype": "complex128", "shape": [3]}, "seeding_template": "b"}, {"grid_index": [34, 0, 17], "pos": {"__ndarray__": [0.7799823609099091, 1.0137765403167416e-12, -0.09324032795821471], "dtype": "float64", "shape": [3]}, "jac": {"__ndarray__": [[-0.24971983535332004, 0.10742428402901971, -0.9623409099856262], [0.040500590064508735, -0.9917988110198505, -0.12122219542657095], [0.9674707778716307, 0.0692469613807257, -0.24332108890106308]], "dtype": "float64", "shape": [3, 3], "Corder": true}, "eigvals": {"__ndarray__": [{"__complex__": [-0.2424198676371167, 0.9701714321576387]}, {"__complex__": [-0.2424198676371167, -0.9701714321576387]}, {"__complex__": [-0.9999999999999999, 0.0]}], "dtype": "complex128", "shape": [3]}, "seeding_template": "b"}, {"grid_index": [34, 28, 17], "pos": {"__ndarray__": [0.7799823609099091, 0.49999999999898626, -0.09324032795821471], "dtype": "float64", "shape": [3]}, "jac": {"__ndarray__": [[0.2497198365559879, 0.10742428563995143, 0.9623409094937181], [0.040500591564177846, 0.9917988106987453, -0.12122219755270106], [0.9674707774984229, -0.06924696348072273, -0.24332108978733652]], "dtype": "float64", "shape": [3, 3], "Corder": true}, "eigvals": {"__ndarray__": [{"__complex__": [-0.9999999999999998, 0.0]}, {"__complex__": [0.999098778733698, 0.042445616179207286]}, {"__complex__": [0.999098778733698, -0.042445616179207286]}], "dtype": "complex128", "shape": [3]}, "seeding_template": "c"}, {"grid_index": [37, 14, 18], "pos": {"__ndarray__": [0.849333383914707, 0.25, -0.019985655722876996], "dtype": "float64", "shape": [3]}, "jac": {"__ndarray__": [[-0.9961651044691358, 0.0, 0.08749334053512568], [0.0, -1.0, 0.0], [-0.08749334053512565, 0.0, -0.9961651044691359]], "dtype": "float64", "shape": [3, 3], "Corder": true}, "eigvals": {"__ndarray__": [{"__complex__": [-0.9961651044691359, 0.08749334053512572]}, {"__complex__": [-0.9961651044691359, -0.08749334053512572]}, {"__complex__": [-1.0, 0.0]}], "dtype": "complex128", "shape": [3]}, "seeding_template": "b"}]